20 20
00000000000000000000
00000000000000000000
00000000000000000000
00000000000000000000
00000000000000000000
00000000000000000000
00000000000000000000
00000000000000000000
00000000000000000000
00000000000000000000
00000000000000000000
00000000000000000000
00000000000000000000
00000000000000000000
00000000000000000000
00000000000000000000
00000000000000000000
00000000000000000000
00000000000000000000
00000000000000000000
4 4
0000
0000
0001
0010
3 3
011
111
110
5 8
01000000
01010000
01010000
01010011
00010010
8 8
01000100
01010100
01010100
01010100
01010100
01010100
01010100
00010100
2 1
0
0
4 4
0111
1111
1111
1110
6 4
0100
1110
1000
0000
0111
0000
5 6
000000
011110
010000
010111
100000
